generated 76 poses and 31 planes with 450 plane measurements
before
0 0 0
0.944767 0.027278 -0.0956085
1.94571 -0.0446298 -0.0887194
2.74581 0.0149703 0.00612665
3.69987 -0.0321318 0.0486316
4.73813 -0.217721 -0.0475548
5.80892 -0.188354 -0.0907786
6.59845 -0.324191 -0.169181
7.62077 -0.508444 -0.165183
8.57664 -0.584962 -0.193371
9.76509 -0.748848 -0.236282
10.6873 -0.800672 -0.215368
11.6672 -0.76604 -0.144556
12.6291 -0.724227 -0.166939
13.813 -0.826293 -0.131513
14.8226 -0.789738 -0.0219252
15.8149 -0.884788 0.0811069
16.8098 -0.940705 0.2282
17.6326 -0.918856 0.241273
18.4986 -1.03737 0.171873
19.3433 -1.13335 0.146894
20.3753 -1.06886 0.314103
21.3009 -0.914558 0.17862
22.3079 -1.01417 0.149777
23.6291 -0.954027 0.197308
24.74 -1.10001 0.133841
25.6287 -1.12462 0.0751554
26.5658 -1.09348 0.149157
27.3193 -1.16477 0.16265
28.2755 -1.15464 0.335574
29.2736 -1.14807 0.453164
30.1737 -1.34086 0.659074
31.104 -1.36877 0.873776
32.0348 -1.25237 0.942556
32.938 -1.32703 1.16803
33.9084 -1.36579 1.16376
34.9329 -1.30408 1.10505
35.9253 -1.22177 1.30235
36.9545 -1.08839 1.31747
38.0466 -1.01824 1.45176
38.8693 -1.1418 1.45506
39.758 -1.17436 1.33106
40.7143 -1.21243 1.4306
41.8017 -1.31245 1.43752
42.7183 -1.57064 1.45354
43.7945 -1.75877 1.29941
44.7931 -1.72055 1.39757
45.8903 -1.78019 1.42808
46.8226 -1.85279 1.60237
47.8794 -1.85823 1.5907
48.9263 -1.86635 1.84289
49.7345 -1.82911 2.06107
50.8992 -1.88688 2.05561
51.8995 -1.78542 2.25132
52.863 -1.79567 2.44395
53.816 -1.96316 2.34067
54.6541 -2.00398 2.45304
55.6609 -1.96245 2.41399
56.8998 -1.93844 2.3788
57.8578 -1.99053 2.5338
58.8348 -2.20999 2.71443
59.77 -2.11243 2.85897
60.8866 -2.0579 2.96483
61.9736 -2.21594 2.98979
62.965 -2.0641 3.03499
64.0905 -2.28142 3.16808
64.9026 -2.43359 3.28981
65.8003 -2.35906 3.4302
66.8214 -2.42267 3.52753
67.7943 -2.37292 3.66638
68.7717 -2.58724 3.92482
69.617 -2.65746 4.30586
70.5936 -2.58618 4.53365
71.6721 -2.59639 4.64737
72.9337 -2.7283 4.66158
73.9291 -2.68593 4.7315
LM Iteration 1: (lambda=1e-06) residual: 1.45315e+06
LM Iteration 2: (lambda=1e-07) residual: 102027
LM Iteration 3: (lambda=1e-08) residual: 9334.27
LM Iteration 4: (lambda=1e-09) residual: 3773.03
LM Iteration 5: (lambda=1e-10) residual: 3764.45
Time for optimization: 0.10579
after
1.07749e-08 -2.7524e-09 1.50799e-08
0.944767 0.0272783 -0.0956087
1.9441 0.00719492 -0.0977624
2.96151 -0.0316893 -0.104934
3.97971 -0.0651382 -0.111635
4.9569 -0.124514 -0.114951
5.96899 -0.116366 -0.126593
6.9444 -0.0900698 -0.122406
7.93684 -0.111677 -0.116386
8.9592 -0.112337 -0.12694
9.97391 -0.157885 -0.127507
11.0332 -0.152221 -0.164565
12.0552 -0.14605 -0.14588
12.9678 -0.25456 -0.132314
13.8424 -0.392375 -0.0698618
14.8772 -0.383864 -0.0918858
15.9155 -0.363936 -0.139547
16.9113 -0.39252 -0.173431
17.8629 -0.366963 -0.106279
19.0093 -0.446776 -0.192859
19.8997 -0.469847 -0.235054
20.8886 -0.455057 -0.144007
21.7232 -0.361111 -0.141322
22.6927 -0.341995 -0.170257
23.9605 -0.405934 -0.106371
24.9387 -0.329015 -0.106724
25.874 -0.323619 -0.158425
26.9041 -0.395079 -0.171066
27.8858 -0.391913 -0.157556
28.8431 -0.406071 -0.148205
29.9772 -0.429729 -0.210079
30.937 -0.444178 -0.220996
31.902 -0.432379 -0.22423
32.9247 -0.43912 -0.258472
33.8984 -0.472883 -0.263695
34.8846 -0.46355 -0.292703
35.9011 -0.488955 -0.293999
36.93 -0.485043 -0.302159
37.8975 -0.513079 -0.302907
38.9513 -0.49817 -0.344887
39.9088 -0.529561 -0.335756
40.8946 -0.545361 -0.348876
41.8953 -0.556017 -0.356706
42.8869 -0.563739 -0.3724
43.8985 -0.584697 -0.392736
44.8735 -0.607296 -0.391511
45.8985 -0.619707 -0.419776
46.886 -0.64466 -0.434165
47.9013 -0.647233 -0.436188
48.8911 -0.67419 -0.447786
49.8972 -0.713216 -0.448082
50.9122 -0.681308 -0.472229
51.8676 -0.737954 -0.515093
52.9907 -0.660476 -0.493489
54.0171 -0.682147 -0.491456
54.9434 -0.709634 -0.539855
55.9044 -0.711699 -0.559101
56.9091 -0.722515 -0.564422
58.0368 -0.775369 -0.601597
58.9945 -0.797155 -0.613789
59.9098 -0.760214 -0.616944
60.9579 -0.797697 -0.64192
62.0042 -0.822203 -0.666765
63.0964 -0.890932 -0.693419
63.8469 -0.795568 -0.6611
64.8981 -0.850738 -0.682563
65.9338 -0.912991 -0.722355
66.8602 -0.852556 -0.709053
67.9777 -0.914452 -0.733843
68.9422 -0.945473 -0.747972
70.0223 -0.99708 -0.751628
70.9522 -0.97408 -0.785692
71.9942 -0.993688 -0.805532
72.8852 -0.999848 -0.807191
73.9018 -1.00506 -0.812571
75.0517 -1.07544 -0.852811
