generated 76 poses and 31 planes with 450 plane measurements
before
0 0 0
0.944767 0.027278 -0.0956085
1.94571 -0.0446298 -0.0887194
2.74581 0.0149703 0.00612665
3.69987 -0.0321318 0.0486316
4.73813 -0.217721 -0.0475548
5.80892 -0.188354 -0.0907786
6.59845 -0.324191 -0.169181
7.62077 -0.508444 -0.165183
8.57664 -0.584962 -0.193371
9.76509 -0.748848 -0.236282
10.6873 -0.800672 -0.215368
11.6672 -0.76604 -0.144556
12.6291 -0.724227 -0.166939
13.813 -0.826293 -0.131513
14.8226 -0.789738 -0.0219252
15.8149 -0.884788 0.0811069
16.8098 -0.940705 0.2282
17.6326 -0.918856 0.241273
18.4986 -1.03737 0.171873
19.3433 -1.13335 0.146894
20.3753 -1.06886 0.314103
21.3009 -0.914558 0.17862
22.3079 -1.01417 0.149777
23.6291 -0.954027 0.197308
24.74 -1.10001 0.133841
25.6287 -1.12462 0.0751554
26.5658 -1.09348 0.149157
27.3193 -1.16477 0.16265
28.2755 -1.15464 0.335574
29.2736 -1.14807 0.453164
30.1737 -1.34086 0.659074
31.104 -1.36877 0.873776
32.0348 -1.25237 0.942556
32.938 -1.32703 1.16803
33.9084 -1.36579 1.16376
34.9329 -1.30408 1.10505
35.9253 -1.22177 1.30235
36.9545 -1.08839 1.31747
38.0466 -1.01824 1.45176
38.8693 -1.1418 1.45506
39.758 -1.17436 1.33106
40.7143 -1.21243 1.4306
41.8017 -1.31245 1.43752
42.7183 -1.57064 1.45354
43.7945 -1.75877 1.29941
44.7931 -1.72055 1.39757
45.8903 -1.78019 1.42808
46.8226 -1.85279 1.60237
47.8794 -1.85823 1.5907
48.9263 -1.86635 1.84289
49.7345 -1.82911 2.06107
50.8992 -1.88688 2.05561
51.8995 -1.78542 2.25132
52.863 -1.79567 2.44395
53.816 -1.96316 2.34067
54.6541 -2.00398 2.45304
55.6609 -1.96245 2.41399
56.8998 -1.93844 2.3788
57.8578 -1.99053 2.5338
58.8348 -2.20999 2.71443
59.77 -2.11243 2.85897
60.8866 -2.0579 2.96483
61.9736 -2.21594 2.98979
62.965 -2.0641 3.03499
64.0905 -2.28142 3.16808
64.9026 -2.43359 3.28981
65.8003 -2.35906 3.4302
66.8214 -2.42267 3.52753
67.7943 -2.37292 3.66638
68.7717 -2.58724 3.92482
69.617 -2.65746 4.30586
70.5936 -2.58618 4.53365
71.6721 -2.59639 4.64737
72.9337 -2.7283 4.66158
73.9291 -2.68593 4.7315
Iteration 1: residual 3.85787e+06
Iteration 2: residual 3.0865e+06
t=4.865 delta3_to_quat error
