generated 76 poses and 31 planes with 450 plane measurements
before
0 0 0
0.944767 0.027278 -0.0956085
1.94571 -0.0446298 -0.0887194
2.74581 0.0149703 0.00612665
3.69987 -0.0321318 0.0486316
4.73813 -0.217721 -0.0475548
5.80892 -0.188354 -0.0907786
6.59845 -0.324191 -0.169181
7.62077 -0.508444 -0.165183
8.57664 -0.584962 -0.193371
9.76509 -0.748848 -0.236282
10.6873 -0.800672 -0.215368
11.6672 -0.76604 -0.144556
12.6291 -0.724227 -0.166939
13.813 -0.826293 -0.131513
14.8226 -0.789738 -0.0219252
15.8149 -0.884788 0.0811069
16.8098 -0.940705 0.2282
17.6326 -0.918856 0.241273
18.4986 -1.03737 0.171873
19.3433 -1.13335 0.146894
20.3753 -1.06886 0.314103
21.3009 -0.914558 0.17862
22.3079 -1.01417 0.149777
23.6291 -0.954027 0.197308
24.74 -1.10001 0.133841
25.6287 -1.12462 0.0751554
26.5658 -1.09348 0.149157
27.3193 -1.16477 0.16265
28.2755 -1.15464 0.335574
29.2736 -1.14807 0.453164
30.1737 -1.34086 0.659074
31.104 -1.36877 0.873776
32.0348 -1.25237 0.942556
32.938 -1.32703 1.16803
33.9084 -1.36579 1.16376
34.9329 -1.30408 1.10505
35.9253 -1.22177 1.30235
36.9545 -1.08839 1.31747
38.0466 -1.01824 1.45176
38.8693 -1.1418 1.45506
39.758 -1.17436 1.33106
40.7143 -1.21243 1.4306
41.8017 -1.31245 1.43752
42.7183 -1.57064 1.45354
43.7945 -1.75877 1.29941
44.7931 -1.72055 1.39757
45.8903 -1.78019 1.42808
46.8226 -1.85279 1.60237
47.8794 -1.85823 1.5907
48.9263 -1.86635 1.84289
49.7345 -1.82911 2.06107
50.8992 -1.88688 2.05561
51.8995 -1.78542 2.25132
52.863 -1.79567 2.44395
53.816 -1.96316 2.34067
54.6541 -2.00398 2.45304
55.6609 -1.96245 2.41399
56.8998 -1.93844 2.3788
57.8578 -1.99053 2.5338
58.8348 -2.20999 2.71443
59.77 -2.11243 2.85897
60.8866 -2.0579 2.96483
61.9736 -2.21594 2.98979
62.965 -2.0641 3.03499
64.0905 -2.28142 3.16808
64.9026 -2.43359 3.28981
65.8003 -2.35906 3.4302
66.8214 -2.42267 3.52753
67.7943 -2.37292 3.66638
68.7717 -2.58724 3.92482
69.617 -2.65746 4.30586
70.5936 -2.58618 4.53365
71.6721 -2.59639 4.64737
72.9337 -2.7283 4.66158
73.9291 -2.68593 4.7315
LM Iteration 1: (lambda=1e-06) residual: 1.41715e+06
LM Iteration 2: (lambda=1e-07) residual: 96103.1
LM Iteration 3: (lambda=1e-08) residual: 7001.68
LM Iteration 4: (lambda=1e-09) residual: 3795.15
LM Iteration 5: (lambda=1e-10) residual: 3776.51
LM Iteration 6: (lambda=1e-11) rejected
LM Iteration 7: (lambda=1e-10) residual: 3773.72
LM Iteration 8: (lambda=1e-11) rejected
LM Iteration 9: (lambda=1e-10) residual: 3771.78
LM Iteration 10: (lambda=1e-11) rejected
LM Iteration 11: (lambda=1e-10) residual: 3770.81
LM Iteration 12: (lambda=1e-11) rejected
LM Iteration 13: (lambda=1e-10) rejected
LM Iteration 14: (lambda=1e-09) residual: 3765.73
LM Iteration 15: (lambda=1e-10) residual: 3765.71
Time for optimization: 0.208288
after
2.14358e-08 -1.85069e-08 -1.41876e-08
0.944767 0.0272782 -0.0956088
1.9441 0.00719465 -0.0977624
2.96151 -0.0316899 -0.104934
3.97971 -0.065139 -0.111635
4.9569 -0.124515 -0.114951
5.96899 -0.116366 -0.126593
6.94439 -0.0900713 -0.122406
7.93684 -0.11168 -0.116385
8.95919 -0.11234 -0.126939
9.97391 -0.157888 -0.127506
11.0332 -0.152225 -0.164563
12.0552 -0.146054 -0.145879
12.9678 -0.254563 -0.132313
13.8424 -0.392376 -0.0698609
14.8772 -0.383869 -0.0918843
15.9155 -0.363942 -0.139546
16.9113 -0.392525 -0.17343
17.8629 -0.366969 -0.106278
19.0093 -0.446782 -0.192858
19.8997 -0.469853 -0.235053
20.8886 -0.455063 -0.144006
21.7232 -0.361114 -0.141322
22.6927 -0.342 -0.170256
23.9605 -0.405949 -0.106369
24.9387 -0.329032 -0.106731
25.874 -0.323644 -0.158432
26.9041 -0.39511 -0.171073
27.8858 -0.391945 -0.157559
28.8431 -0.406096 -0.14821
29.9771 -0.429751 -0.210081
30.937 -0.444195 -0.221035
31.902 -0.43239 -0.224266
32.9247 -0.439122 -0.258507
33.8984 -0.472879 -0.263724
34.8846 -0.463543 -0.292724
35.901 -0.488962 -0.294004
36.9299 -0.485093 -0.302166
37.8972 -0.513213 -0.30295
38.9511 -0.498326 -0.344979
39.9088 -0.529661 -0.335854
40.8947 -0.545449 -0.348761
41.895 -0.556277 -0.356056
42.8861 -0.56421 -0.371181
43.8976 -0.585179 -0.391397
44.8733 -0.607533 -0.390875
45.8988 -0.619533 -0.419774
46.8862 -0.644172 -0.434533
47.9011 -0.646648 -0.436765
48.8909 -0.673552 -0.448455
49.8969 -0.71264 -0.448792
50.9116 -0.680878 -0.473034
51.8673 -0.737624 -0.515828
52.9904 -0.660024 -0.494334
54.0167 -0.681708 -0.492384
54.9435 -0.709182 -0.540647
55.9045 -0.711256 -0.559935
56.9093 -0.72208 -0.565295
58.037 -0.774943 -0.602519
58.9947 -0.796741 -0.614753
59.91 -0.759814 -0.617954
60.9582 -0.797307 -0.642976
62.0046 -0.821828 -0.667869
63.0968 -0.890571 -0.694572
63.8474 -0.795218 -0.662288
64.8985 -0.850367 -0.683781
65.9341 -0.912622 -0.723611
66.8606 -0.852182 -0.710344
67.9781 -0.914087 -0.735176
68.9426 -0.945107 -0.749342
70.0227 -0.996717 -0.753042
70.9526 -0.973724 -0.787145
71.9946 -0.993339 -0.807026
72.8856 -0.999499 -0.808721
73.9022 -1.00471 -0.81414
75.0522 -1.0751 -0.854426
