generated 76 poses and 31 planes with 450 plane measurements
before
0 0 0
0.944767 0.027278 -0.0956085
1.94571 -0.0446298 -0.0887194
2.74581 0.0149703 0.00612665
3.69987 -0.0321318 0.0486316
4.73813 -0.217721 -0.0475548
5.80892 -0.188354 -0.0907786
6.59845 -0.324191 -0.169181
7.62077 -0.508444 -0.165183
8.57664 -0.584962 -0.193371
9.76509 -0.748848 -0.236282
10.6873 -0.800672 -0.215368
11.6672 -0.76604 -0.144556
12.6291 -0.724227 -0.166939
13.813 -0.826293 -0.131513
14.8226 -0.789738 -0.0219252
15.8149 -0.884788 0.0811069
16.8098 -0.940705 0.2282
17.6326 -0.918856 0.241273
18.4986 -1.03737 0.171873
19.3433 -1.13335 0.146894
20.3753 -1.06886 0.314103
21.3009 -0.914558 0.17862
22.3079 -1.01417 0.149777
23.6291 -0.954027 0.197308
24.74 -1.10001 0.133841
25.6287 -1.12462 0.0751554
26.5658 -1.09348 0.149157
27.3193 -1.16477 0.16265
28.2755 -1.15464 0.335574
29.2736 -1.14807 0.453164
30.1737 -1.34086 0.659074
31.104 -1.36877 0.873776
32.0348 -1.25237 0.942556
32.938 -1.32703 1.16803
33.9084 -1.36579 1.16376
34.9329 -1.30408 1.10505
35.9253 -1.22177 1.30235
36.9545 -1.08839 1.31747
38.0466 -1.01824 1.45176
38.8693 -1.1418 1.45506
39.758 -1.17436 1.33106
40.7143 -1.21243 1.4306
41.8017 -1.31245 1.43752
42.7183 -1.57064 1.45354
43.7945 -1.75877 1.29941
44.7931 -1.72055 1.39757
45.8903 -1.78019 1.42808
46.8226 -1.85279 1.60237
47.8794 -1.85823 1.5907
48.9263 -1.86635 1.84289
49.7345 -1.82911 2.06107
50.8992 -1.88688 2.05561
51.8995 -1.78542 2.25132
52.863 -1.79567 2.44395
53.816 -1.96316 2.34067
54.6541 -2.00398 2.45304
55.6609 -1.96245 2.41399
56.8998 -1.93844 2.3788
57.8578 -1.99053 2.5338
58.8348 -2.20999 2.71443
59.77 -2.11243 2.85897
60.8866 -2.0579 2.96483
61.9736 -2.21594 2.98979
62.965 -2.0641 3.03499
64.0905 -2.28142 3.16808
64.9026 -2.43359 3.28981
65.8003 -2.35906 3.4302
66.8214 -2.42267 3.52753
67.7943 -2.37292 3.66638
68.7717 -2.58724 3.92482
69.617 -2.65746 4.30586
70.5936 -2.58618 4.53365
71.6721 -2.59639 4.64737
72.9337 -2.7283 4.66158
73.9291 -2.68593 4.7315
PDL Iteration 1 residual: 1.81524e+06
accepted
PDL Iteration 2 residual: 537178
accepted
PDL Iteration 3 residual: 371501
accepted
PDL Iteration 4 residual: 102955
accepted
PDL Iteration 5 residual: 4731.11
accepted
PDL Iteration 6 residual: 3764.8
accepted
PDL Iteration 7 residual: 3764.45
Time for optimization: 0.128576
after
2.93574e-08 5.12665e-09 -3.54693e-09
0.944767 0.0272783 -0.0956088
1.9441 0.0071946 -0.0977624
2.96151 -0.0316897 -0.104934
3.97971 -0.0651378 -0.111635
4.9569 -0.124514 -0.114951
5.96899 -0.116367 -0.126592
6.9444 -0.0900694 -0.122406
7.93684 -0.111678 -0.116386
8.9592 -0.11234 -0.126939
9.97391 -0.157894 -0.127505
11.0332 -0.152228 -0.164563
12.0552 -0.146057 -0.145879
12.9678 -0.254565 -0.132313
13.8424 -0.392381 -0.0698606
14.8772 -0.38387 -0.091884
15.9155 -0.363941 -0.139547
16.9113 -0.392523 -0.173431
17.8629 -0.366966 -0.106279
19.0093 -0.446778 -0.192859
19.8997 -0.469848 -0.235054
20.8886 -0.455059 -0.144006
21.7232 -0.361111 -0.141322
22.6927 -0.341995 -0.170257
23.9605 -0.405932 -0.106372
24.9387 -0.329012 -0.106723
25.874 -0.323616 -0.158425
26.9041 -0.395078 -0.171067
27.8858 -0.39191 -0.157556
28.8431 -0.406065 -0.148207
29.9772 -0.429722 -0.210079
30.937 -0.444171 -0.220996
31.902 -0.43237 -0.224228
32.9247 -0.439112 -0.258469
33.8984 -0.472874 -0.263693
34.8846 -0.46354 -0.292701
35.9011 -0.488945 -0.293996
36.93 -0.485032 -0.302155
37.8975 -0.513067 -0.302905
38.9513 -0.498163 -0.344885
39.9088 -0.529547 -0.335755
40.8946 -0.545347 -0.348874
41.8953 -0.556002 -0.356704
42.8869 -0.563724 -0.372397
43.8985 -0.584682 -0.392734
44.8735 -0.60728 -0.391507
45.8985 -0.61969 -0.419769
46.886 -0.644644 -0.434151
47.9012 -0.647217 -0.436174
48.8912 -0.674122 -0.44776
49.8973 -0.713156 -0.448013
50.9123 -0.681264 -0.472161
51.8679 -0.738025 -0.514923
52.9909 -0.660417 -0.493422
54.017 -0.6821 -0.491496
54.9434 -0.709583 -0.539832
55.9044 -0.711642 -0.559082
56.9092 -0.722466 -0.564401
58.0369 -0.775313 -0.601575
58.9945 -0.797106 -0.61377
59.9098 -0.760176 -0.616934
60.958 -0.797663 -0.641912
62.0043 -0.822161 -0.666754
63.0964 -0.890885 -0.693404
63.847 -0.795523 -0.661089
64.8982 -0.850696 -0.682557
65.9338 -0.912951 -0.722349
66.8603 -0.852508 -0.709048
67.9778 -0.914412 -0.733838
68.9423 -0.945437 -0.747969
70.0224 -0.997047 -0.751628
70.9522 -0.974048 -0.785693
71.9943 -0.993656 -0.805533
72.8852 -0.999816 -0.807195
73.9019 -1.00502 -0.812577
75.0518 -1.07542 -0.852817
