generated 76 poses and 31 planes with 450 plane measurements
before
0 0 0
0.944767 0.027278 -0.0956085
1.94571 -0.0446298 -0.0887194
2.74581 0.0149703 0.00612665
3.69987 -0.0321318 0.0486316
4.73813 -0.217721 -0.0475548
5.80892 -0.188354 -0.0907786
6.59845 -0.324191 -0.169181
7.62077 -0.508444 -0.165183
8.57664 -0.584962 -0.193371
9.76509 -0.748848 -0.236282
10.6873 -0.800672 -0.215368
11.6672 -0.76604 -0.144556
12.6291 -0.724227 -0.166939
13.813 -0.826293 -0.131513
14.8226 -0.789738 -0.0219252
15.8149 -0.884788 0.0811069
16.8098 -0.940705 0.2282
17.6326 -0.918856 0.241273
18.4986 -1.03737 0.171873
19.3433 -1.13335 0.146894
20.3753 -1.06886 0.314103
21.3009 -0.914558 0.17862
22.3079 -1.01417 0.149777
23.6291 -0.954027 0.197308
24.74 -1.10001 0.133841
25.6287 -1.12462 0.0751554
26.5658 -1.09348 0.149157
27.3193 -1.16477 0.16265
28.2755 -1.15464 0.335574
29.2736 -1.14807 0.453164
30.1737 -1.34086 0.659074
31.104 -1.36877 0.873776
32.0348 -1.25237 0.942556
32.938 -1.32703 1.16803
33.9084 -1.36579 1.16376
34.9329 -1.30408 1.10505
35.9253 -1.22177 1.30235
36.9545 -1.08839 1.31747
38.0466 -1.01824 1.45176
38.8693 -1.1418 1.45506
39.758 -1.17436 1.33106
40.7143 -1.21243 1.4306
41.8017 -1.31245 1.43752
42.7183 -1.57064 1.45354
43.7945 -1.75877 1.29941
44.7931 -1.72055 1.39757
45.8903 -1.78019 1.42808
46.8226 -1.85279 1.60237
47.8794 -1.85823 1.5907
48.9263 -1.86635 1.84289
49.7345 -1.82911 2.06107
50.8992 -1.88688 2.05561
51.8995 -1.78542 2.25132
52.863 -1.79567 2.44395
53.816 -1.96316 2.34067
54.6541 -2.00398 2.45304
55.6609 -1.96245 2.41399
56.8998 -1.93844 2.3788
57.8578 -1.99053 2.5338
58.8348 -2.20999 2.71443
59.77 -2.11243 2.85897
60.8866 -2.0579 2.96483
61.9736 -2.21594 2.98979
62.965 -2.0641 3.03499
64.0905 -2.28142 3.16808
64.9026 -2.43359 3.28981
65.8003 -2.35906 3.4302
66.8214 -2.42267 3.52753
67.7943 -2.37292 3.66638
68.7717 -2.58724 3.92482
69.617 -2.65746 4.30586
70.5936 -2.58618 4.53365
71.6721 -2.59639 4.64737
72.9337 -2.7283 4.66158
73.9291 -2.68593 4.7315
PDL Iteration 1 residual: 1.81524e+06
accepted
PDL Iteration 2 residual: 871913
accepted
PDL Iteration 3 residual: 389890
accepted
PDL Iteration 4 residual: 221893
rejected
PDL Iteration 5 residual: 221893
rejected
PDL Iteration 6 residual: 221893
rejected
PDL Iteration 7 residual: 221893
accepted
PDL Iteration 8 residual: 157405
rejected
PDL Iteration 9 residual: 157405
rejected
PDL Iteration 10 residual: 157405
accepted
PDL Iteration 11 residual: 125455
rejected
PDL Iteration 12 residual: 125455
accepted
PDL Iteration 13 residual: 108898
accepted
PDL Iteration 14 residual: 58285.1
accepted
PDL Iteration 15 residual: 3800.73
accepted
PDL Iteration 16 residual: 3766.76
accepted
PDL Iteration 17 residual: 3764.56
Time for optimization: 0.125779
after
-0.00328963 -0.00101998 -0.00374867
0.938022 0.0243333 -0.104972
1.9373 0.00229195 -0.111062
2.9546 -0.0385923 -0.122239
3.9727 -0.0740489 -0.132945
4.94974 -0.135353 -0.140103
5.96178 -0.129183 -0.155734
6.93723 -0.104794 -0.155395
7.92964 -0.128347 -0.153282
8.95194 -0.131004 -0.167858
9.96655 -0.178549 -0.172416
11.0257 -0.175008 -0.213645
12.0477 -0.170907 -0.198982
12.9601 -0.281285 -0.188982
13.8345 -0.421057 -0.129893
14.8691 -0.414672 -0.155976
15.9073 -0.396875 -0.207714
16.9029 -0.427528 -0.245486
17.8546 -0.404047 -0.182
19.0003 -0.486311 -0.273032
19.8904 -0.511279 -0.318685
20.8793 -0.498528 -0.231469
21.7134 -0.405944 -0.231918
22.6826 -0.389146 -0.264853
23.9499 -0.456262 -0.206322
24.9266 -0.382287 -0.211249
25.8613 -0.379238 -0.266883
26.8912 -0.453368 -0.283755
27.8729 -0.45272 -0.274289
28.8302 -0.469332 -0.268878
29.9638 -0.49591 -0.335414
30.9235 -0.512829 -0.350254
31.8885 -0.503504 -0.357476
32.911 -0.512866 -0.395949
33.8846 -0.549119 -0.405201
34.8707 -0.542311 -0.438295
35.887 -0.570315 -0.4438
36.9159 -0.569034 -0.456226
37.8833 -0.599544 -0.460983
38.9369 -0.587342 -0.507336
39.8943 -0.621188 -0.502166
40.8799 -0.639516 -0.519365
41.8805 -0.652732 -0.531339
42.872 -0.662987 -0.551143
43.8835 -0.686532 -0.57567
44.8584 -0.711623 -0.578479
45.8833 -0.726657 -0.610991
46.8706 -0.754122 -0.629467
47.8859 -0.759294 -0.635708
48.8758 -0.788701 -0.651391
49.8818 -0.830314 -0.655817
50.8968 -0.801011 -0.684182
51.852 -0.860208 -0.730903
52.9754 -0.785425 -0.714073
54.0014 -0.809741 -0.716408
54.9277 -0.839604 -0.768558
55.8886 -0.844134 -0.791809
56.8932 -0.857537 -0.801308
58.0206 -0.913285 -0.843171
58.9781 -0.937538 -0.859351
59.8935 -0.902962 -0.866334
60.9415 -0.943151 -0.895678
61.9876 -0.970353 -0.924885
63.0796 -1.04193 -0.956103
63.8307 -0.948538 -0.926963
64.8821 -1.00656 -0.952903
65.9174 -1.07149 -0.997001
66.8441 -1.01343 -0.987569
67.9613 -1.07821 -1.017
68.9256 -1.11172 -1.03515
70.0055 -1.1661 -1.0433
70.9351 -1.14546 -1.08122
71.9772 -1.16778 -1.10543
72.8684 -1.17628 -1.11083
73.8852 -1.18415 -1.1205
75.0342 -1.25738 -1.16543
