0.00039506
0.000562191
0.000633955
0.000732183
0.000581026
0.000541925
0.000605106
0.00083375
0.000878811
0.000997782
0.00116587
0.00128984
0.00138927
0.00152302
0.00164723
0.00155616
0.00165725
0.00185108
0.00195599
0.00173521
0.00485706
0.00142384
0.000926018
0.00105906
0.00118184
0.00132489
0.00152397
0.00161099
0.00176215
0.00191998
0.00200582
0.00154209
0.00162387
0.00182414
0.00124383
0.00137782
0.00155592
0.00163007
0.00221491
0.00240493
0.0101242
0.00251198
0.00219393
0.00239301
0.00257111
0.00290585
0.00502229
0.00536871
0.00576115
0.00448394
0.0049262
0.00508976
0.00532603
0.00562692
0.00381899
0.00398922
0.00421214
0.00333786
0.0035181
0.00364113
0.014677
0.00357103
0.00247598
0.00272632
0.00287914
0.00319099
0.00341392
0.0034349
0.00364804
0.00411725
0.00410199
0.00338888
0.00358605
0.00386214
0.00402522
0.00419426
0.00349593
0.00388908
0.0049932
0.00524521
0.0193172
0.00500083
0.00481319
0.00502086
0.00413108
0.00431514
0.00451207
0.00502801
0.005018
0.00430083
0.00217485
0.00230694
0.00367713
0.00388503
0.00405622
0.00440598
0.00282979
0.00299883
0.00342774
0.00358891
0.025368
0.00803089
0.00567508
0.00620198
0.00519323
0.00536275
0.00525165
0.00571489
0.00580502
0.00636697
0.00650597
0.00663924
0.00581932
0.00615597
0.00748277
0.0077219
0.010077
0.010633
0.012671
0.0113242
0.0296581
0.00233507
0.00213623
0.00222111
0.00237012
0.00260997
0.0023129
0.00229406
0.002496
0.00176787
0.00192094
0.00206518
0.00229716
0.00255704
0.00362206
0.0044179
0.00496197
0.00433993
0.00462604
0.00469923
0.0356801
0.00316191
0.00149894
0.00223899
0.0028379
0.00311708
0.00383091
0.00406027
0.00482702
0.00527906
0.00504494
0.00519872
0.00542021
0.00575089
0.00529289
0.00574994
0.00393701
0.00412798
0.00345182
0.00442314
0.0417333
0.00655484
0.0050621
0.00687909
0.00869894
0.00778508
0.00803995
0.00831413
0.00905514
0.0109172
0.0125098
0.0140219
0.0145159
0.0144629
0.0149939
0.0155709
0.0159962
0.0198419
0.019999
0.0207422
0.0492249
0.00414419
0.00306892
0.00455499
0.00474501
0.005162
0.00585389
0.0062809
0.00669909
0.00718713
0.00740671
0.00880098
0.00914788
0.0106211
0.0111601
0.010848
0.0114191
0.011456
0.0116649
0.0109923
0.058188
0.00422502
0.0035181
0.00339365
0.00372505
0.00408697
0.00585294
0.0049758
0.00523806
0.00554132
0.00598073
0.00644135
0.00653911
0.00895166
0.00900388
0.00969219
0.0103791
0.0103528
0.00974107
0.00956297
0.071069
0.00722265
0.00535202
0.00493097
0.00525308
0.00526261
0.00577807
0.0058322
0.00630617
0.00639367
0.0074718
0.00810027
0.00735211
0.0075798
0.00827909
0.00833631
0.00864911
0.00888586
0.00954795
0.00958014
0.0783982
0.00947714
0.0112059
0.0120482
0.00914812
0.00887609
0.0101411
0.0103271
0.0107429
0.0116138
0.0114849
0.0150893
0.0153301
0.0201249
0.0210791
0.0229089
0.0222042
0.0230601
0.023515
0.0250301
0.0913351
0.0177951
0.0112739
0.0121729
0.0121517
0.0122709
0.0127952
0.012295
0.00916624
0.00644207
0.00651884
0.00676036
0.00737715
0.00741196
0.00761199
0.00794506
0.00857306
0.00999212
0.0101833
0.00637388
0.0978498
0.00715494
0.00264668
0.00301123
0.00340629
0.00388908
0.00741506
0.00949907
0.00897288
0.00899577
0.00898099
0.0121989
0.014055
0.0139871
0.0150821
0.0130932
0.0127213
0.0127161
0.013015
0.0138612
0.117959
0.00483775
0.00267029
0.00238299
0.00260782
0.00275207
0.00299788
0.00317311
0.003196
0.00321102
0.00343704
0.0036571
0.00386906
0.00456309
0.00475407
0.00493598
0.00497699
0.00538802
0.0054028
0.00563812
0.121138
0.0123329
0.00546503
0.00573921
0.00621915
0.00592399
0.00619411
0.00627208
0.0067749
0.00710011
0.00874114
0.00872111
0.00856924
0.00944209
0.0116792
0.022943
0.0282943
0.028563
0.030968
0.03615
0.135911
0.0166278
