0.000281811
0.000396013
0.000618935
0.000814915
0.00107288
0.001333
0.00160003
0.00239205
0.00191283
0.00211
0.00232697
0.0025382
0.00288987
0.00303507
0.00351501
0.0034883
0.00355601
0.00388098
0.00410175
0.00426698
0.00444388
0.00476313
0.00500607
0.00525999
0.00535083
0.00555992
0.00571108
0.006392
0.0066781
0.00658202
0.00683594
0.00703216
0.00734878
0.007411
0.00787425
0.0081532
0.00821304
0.00830388
0.00852919
0.00924993
0.00925064
0.0097959
0.0097909
0.00971794
0.0101628
0.010592
0.0110569
0.011416
0.0114331
0.0112219
0.012434
0.0120261
0.0121148
0.0127943
0.0130169
0.0134668
0.0133009
0.0134611
0.0142162
0.0136032
0.014334
0.0142851
0.014668
0.014782
0.0151429
0.0155032
0.0158317
0.0159769
0.016521
0.0163772
0.016624
0.0178139
0.0170918
0.0176611
0.0174432
0.0179522
0.0184109
0.0183821
0.0186949
0.0190971
0.02003
0.0194039
0.0197303
0.020257
0.0203941
0.0207193
0.0207179
0.0213881
0.0208008
0.021476
0.0217061
0.0221939
0.0216069
0.0223138
0.0226591
0.0227432
0.0231709
0.0234401
0.0238962
0.0234513
0.0244801
0.023869
0.0250928
0.0256319
0.0254362
0.024924
0.0259211
0.0256679
0.0263259
0.0258896
0.0262389
0.026938
0.0269158
0.0269339
0.0275152
0.0279741
0.0278332
0.0283787
0.0287502
0.0292988
0.0290942
0.0308013
0.030962
0.0306582
0.0309482
0.0315149
0.0308418
0.0314918
0.031661
0.0324287
0.0318661
0.0323832
0.0326989
0.0330412
0.032639
0.0336127
0.0340512
0.0345681
0.0348198
0.0350411
0.0355668
0.035253
0.035074
0.035877
0.0359302
0.036149
0.0368242
0.0371289
0.0374401
0.0381789
0.0390251
0.0395899
0.0389838
0.04001
0.040189
0.0396278
0.0409279
0.040602
0.0402699
0.0411599
0.0414138
0.0416429
0.0413492
0.0436878
0.042376
0.0434613
0.0433011
0.0429919
0.0436239
0.0449162
0.0455739
0.0492158
0.0490508
0.0497351
0.0506451
0.0496271
0.0506608
0.0500662
0.0511138
0.051198
0.0522389
0.052587
0.0530219
0.0538449
0.0553291
0.0549252
0.0546608
0.054388
0.0556331
0.0565031
0.0558603
0.0567212
0.057965
0.0593352
0.0590262
0.059201
0.0597019
0.059715
0.0604422
0.0614271
0.060606
0.0630419
0.062412
0.0630801
0.0626972
0.063127
0.064302
0.0643952
0.064487
0.0672739
0.065547
0.0656428
0.066432
0.0663438
0.0670753
0.067162
0.0683992
0.0681269
0.0689571
0.068671
0.0681179
0.07023
0.0699749
0.0701902
0.071743
0.0720241
0.0704629
0.0715859
0.072499
0.072402
0.072926
0.0737059
0.0741169
0.0735412
0.0738518
0.074249
0.0743492
0.07617
0.0765092
0.0759251
0.0758078
0.0759039
0.0770829
0.077436
0.079319
0.0793281
0.078414
0.0786889
0.0792651
0.0795007
0.0811861
0.082253
0.081403
0.0828791
0.0834322
0.0828469
0.085393
0.0852182
0.0849671
0.0876112
0.088763
0.0885041
0.0905428
0.0897341
0.089864
0.0901752
0.0908051
0.092639
0.0916018
0.0912609
0.0922377
0.0924101
0.0988958
0.094965
0.0947173
0.0932629
0.0937879
0.0948858
0.0958698
0.095479
0.0946908
0.0956311
0.0963929
0.0969899
0.0991349
0.097337
0.0996981
0.0988648
0.103213
0.108799
0.108703
0.108163
0.108281
0.105974
0.109896
0.106393
0.116553
0.107501
0.11285
0.117511
0.111098
0.114486
0.113268
0.117148
0.11111
0.116508
0.112435
0.126337
0.115784
0.116654
0.111649
0.119914
0.116841
0.117646
0.11886
0.112591
0.126972
0.11775
0.118102
0.121126
0.120974
0.121796
0.127044
0.11444
0.126865
0.112843
0.111215
0.111696
0.129295
0.134582
0.133783
0.134068
0.132671
0.128255
0.131553
0.133013
0.141224
0.122676
0.13146
0.141429
0.132371
0.133064
